ID TIME BLK TELAPSED TIMESTAMP BLOCK HASH PHASH DIFF TDIFF SIZE TXS UNC
210 15.692 3 0.687777042388916 15 3 0x43e0917277e85f0442ba4af9d39ea1edfc0af2dbadfa5828acf5413b330d0805 0xba4a902d6fdca4f77b1e8d96057b7e18098f5d4d1916e86ae86f1313d31bb2f9 2 7 1661 10 0
210 32.044 4 2.043300151824951 30 4 0x6f677596dcffeb98410754abc30f1132de28e1fcbf484d68a4c7b7f0e9c5aa04 0x43e0917277e85f0442ba4af9d39ea1edfc0af2dbadfa5828acf5413b330d0805 1 8 1027 4 0
210 36.065 4 6.0642921924591064 30 4 0x89f1beaf5e73b305103d30ace8a80a27af1506eb48f9445f5f1992c41837ba91 0x43e0917277e85f0442ba4af9d39ea1edfc0af2dbadfa5828acf5413b330d0805 2 9 1027 4 0
210 46.815 5 1.814607858657837 45 5 0x41ecb33bed925249c897f9ea9338efaafcc5b2218c6c2f3710df752b59286408 0x89f1beaf5e73b305103d30ace8a80a27af1506eb48f9445f5f1992c41837ba91 2 11 1339 7 0
210 64.434 6 4.43363094329834 60 6 0x03a32acc1d45c053b6a2f86d2b76887c94e4425c6232c4e10132438ba9be932d 0x41ecb33bed925249c897f9ea9338efaafcc5b2218c6c2f3710df752b59286408 1 12 1834 9 0
210 79.833 6 19.831013202667236 60 6 0x81c708fd72fd71a8058fc8180ca697f295e9ad7e9623a1d1ff08ba80c32df363 0x41ecb33bed925249c897f9ea9338efaafcc5b2218c6c2f3710df752b59286408 1 12 1689 8 0
210 105.157 8 30.15697407722473 75 7 0xc204a5d8da904cf0689de5788ba873fb42a726df366d5bded317189209978f24 0xda03a02f9087538f610f2d3d9927b1158758a102f3dc6b6949b2c8cd1333ed59 1 13 606 0 0
210 126.071 9 36.0703501701355 90 8 0x71128833fe3f78fd0f5fe54ecc590598c031d7eed265a4ec3fb437cc50bb6d71 0xc204a5d8da904cf0689de5788ba873fb42a726df366d5bded317189209978f24 1 14 818 2 0
210 138.839 10 63.838571071624756 75 7 0xd205cadba52130dac835332c2fb6dbcadb9abff8694a2a923d92dfe86c741d7a 0xda03a02f9087538f610f2d3d9927b1158758a102f3dc6b6949b2c8cd1333ed59 2 14 713 1 0
210 152.144 11 56.11559295654297 96 8 0xf0eebc58f16f95a974d4ddd812bd14c26926ea8608134e0ac2cfb5869048830e 0xd205cadba52130dac835332c2fb6dbcadb9abff8694a2a923d92dfe86c741d7a 2 16 606 0 0
210 160.926 11 64.92495799064636 96 8 0x520e5c563450ec9073dce8314fed139a0d232d9ba03f7296cf132c364aa90a5f 0xd205cadba52130dac835332c2fb6dbcadb9abff8694a2a923d92dfe86c741d7a 2 16 713 1 0
210 185.069 13 74.06834602355957 111 9 0x8503390198bc36b3ab473349e401fe98e70d365696de875b4c77b976886fa2ce 0x520e5c563450ec9073dce8314fed139a0d232d9ba03f7296cf132c364aa90a5f 1 17 1317 6 0
210 208.469 14 82.46836996078491 126 10 0x8a60ae06b0616291b7c07fc8b775c4c5b456a25322489d32350d1bbddc211255 0x8503390198bc36b3ab473349e401fe98e70d365696de875b4c77b976886fa2ce 1 18 1235 6 0
210 226.298 15 85.29757118225098 141 11 0x445f9e998cf282e778730dc6bb896f8eab1d5e629fe6a45a5d9cc2ff93de2ccf 0x8a60ae06b0616291b7c07fc8b775c4c5b456a25322489d32350d1bbddc211255 1 19 1131 5 0
210 248.468 17 82.46794700622559 166 12 0x51760b602455cef15831f5bde4189c4892e784f4f2104e136b7485766d8655e1 0x445f9e998cf282e778730dc6bb896f8eab1d5e629fe6a45a5d9cc2ff93de2ccf 1 20 1339 7 0
210 269.523 18 88.52270603179932 181 13 0x80fb6f24c50988db2d2ce27279e26e6fd289b70285494895ed6e2cfda2a00209 0x51760b602455cef15831f5bde4189c4892e784f4f2104e136b7485766d8655e1 2 22 1421 7 0
210 297.371 20 101.37084102630615 196 14 0x750044daf29b8902a339b83469b01e50dc5da86083c3dcdd4dbb5f7d3b7c32ec 0x80fb6f24c50988db2d2ce27279e26e6fd289b70285494895ed6e2cfda2a00209 1 23 1295 5 0
210 306.986 21 95.98560786247253 211 15 0x4ae5187995bc2596a5241fda4a9ae674cfd2af5aaa1c662bd7eb4113efaf05bd 0x750044daf29b8902a339b83469b01e50dc5da86083c3dcdd4dbb5f7d3b7c32ec 1 24 817 2 0
210 316.998 22 105.99752402305603 211 15 0x9f708d6574b0ad1da7c61c0a1f192ec1d4d44ac76903506d8033ea13e67015b2 0x750044daf29b8902a339b83469b01e50dc5da86083c3dcdd4dbb5f7d3b7c32ec 2 25 964 3 0
210 335.049 23 108.98966598510742 226 16 0x5e78cde0e7d0b71b5eebfe4055864e18548b400f1ba06e9c433ce7cabdcfbcab 0x9f708d6574b0ad1da7c61c0a1f192ec1d4d44ac76903506d8033ea13e67015b2 1 26 755 1 0
210 354.312 24 128.27016496658325 226 16 0x54b8a4c9c4ab224738181b1b6bbc324b14e263b9568fb1da8e85633ec2ae9982 0x9f708d6574b0ad1da7c61c0a1f192ec1d4d44ac76903506d8033ea13e67015b2 2 27 755 1 0
210 374.352 25 133.3520429134369 241 17 0xe110ca9955844c07a1ef9a341523ba977337c9c3651498fbac90da8ebae81da3 0x54b8a4c9c4ab224738181b1b6bbc324b14e263b9568fb1da8e85633ec2ae9982 2 29 1689 8 0
