ID TIME BLK TELAPSED TIMESTAMP BLOCK HASH PHASH DIFF TDIFF SIZE TXS UNC
218 17.21 4 2.2092769145965576 15 4 0xb636b71b66651a7fd32782b67742def7d2c3102810e51c345ce8ed7e95542b46 0x64166a67a43e579984b39ec1ec8f189c7312e94d2611a166052212e31d622380 1 8 1765 11 0
218 37.886 5 22.885370016098022 15 4 0x401a4f1dc53bf0fdcc63568c85c2dc99d2305e1539fc32687d4c450443647071 0x64166a67a43e579984b39ec1ec8f189c7312e94d2611a166052212e31d622380 2 9 1765 11 0
218 41.104 5 11.103410005569458 30 5 0x2e91879fd5d257e84215ac469e5521f8c597fd522a495ec61543c4c077e5f826 0x401a4f1dc53bf0fdcc63568c85c2dc99d2305e1539fc32687d4c450443647071 1 10 1027 4 0
218 49.284 6 3.283857822418213 46 6 0xf3cd75594c4a4622b1bfefb49ebd03513e7b96a024df0bb96909a54223ad3f06 0x2e91879fd5d257e84215ac469e5521f8c597fd522a495ec61543c4c077e5f826 1 11 1339 7 0
218 87.793 7 42.7924370765686 45 6 0xdc5b0518f1be909ebd60c2891c908d26d6ee2553ec5750f6a9bce6d421c41e81 0x2e91879fd5d257e84215ac469e5521f8c597fd522a495ec61543c4c077e5f826 1 11 1443 8 0
218 92.635 8 32.63517379760742 60 7 0x06ed9f1d3c3592a3993b779dd8947af3f878649f7fc83f2e70b62a1a98289d8f 0xdc5b0518f1be909ebd60c2891c908d26d6ee2553ec5750f6a9bce6d421c41e81 1 12 1875 9 0
218 95.909 8 8.90830683708191 87 8 0x24e1be37b1c13611e6d4567377fc016e834db4bccfb5f2d497cb0dfe8e7c2708 0x06ed9f1d3c3592a3993b779dd8947af3f878649f7fc83f2e70b62a1a98289d8f 1 13 606 0 0
218 98.67 8 38.669620990753174 60 7 0xfd5c449d8684cd8bfd6a430a7b60f4d40dbdd135fc447e183c1662964d2c645e 0xdc5b0518f1be909ebd60c2891c908d26d6ee2553ec5750f6a9bce6d421c41e81 2 13 1875 9 0
218 100.393 8 12.39276385307312 88 8 0x550450fcb8318e4cdfbbf7f145999a817b808afeed1a3dac8ee47e99eb8766ca 0xfd5c449d8684cd8bfd6a430a7b60f4d40dbdd135fc447e183c1662964d2c645e 2 15 606 0 0
218 105.824 9 2.8240981101989746 103 9 0xd3e193eb9f6abbd36e968660ab3cd0c411e0eeda6bffaeb6ea3c7496cfe48e8e 0x550450fcb8318e4cdfbbf7f145999a817b808afeed1a3dac8ee47e99eb8766ca 1 16 2669 19 0
218 121.231 10 3.230232000350952 118 10 0x898727811018f7a19f6ddbb6535c7d96d583561fae04457bbbfe71d6f1391d23 0xd3e193eb9f6abbd36e968660ab3cd0c411e0eeda6bffaeb6ea3c7496cfe48e8e 1 17 1547 9 0
218 135.538 11 2.537233829498291 133 11 0xc9832afb55614dc68e39f2e2373a58a3daf7599e307c025b31a272a6d4b56a4b 0x16648e4715efb9d61c97c21a77192b2c16b2b9d1e64740d0f4741fe7bbab6596 1 18 1131 5 0
218 150.847 12 2.8468868732452393 148 12 0x8fcf327e7c72d9028b61725ac122db487a2974c9a1113c585731e136e63946db 0xc9832afb55614dc68e39f2e2373a58a3daf7599e307c025b31a272a6d4b56a4b 1 19 1796 11 0
218 152.829 12 3.8289599418640137 149 12 0x72c88a2025844e44b070040bee201c61a774ab805ac4f47b74ebf775956c1cfa 0xc9832afb55614dc68e39f2e2373a58a3daf7599e307c025b31a272a6d4b56a4b 1 19 1900 12 0
218 165.588 13 2.5879669189453125 163 13 0x0c22fce97fc8c04aa7ac4ee2698ac273eca2ebf7f66f2257c4d93faf833166f8 0x8fcf327e7c72d9028b61725ac122db487a2974c9a1113c585731e136e63946db 1 20 1629 9 0
218 179.638 14 31.637609004974365 148 12 0xe9c514cac5c8b38b09ad64bf692ef7e0bee30c45e57f29d74104c914411579ea 0x644bfadf009382bf2a3055cf1bedabfbf83273778d50d2bb4911f70de7421c5e 2 20 1941 12 0
218 186.891 14 23.890367031097412 163 13 0x3a93cfb9afb8793cee59a9f4b788fec80823a243e83ce14ee35da8d3147eae4e 0xe9c514cac5c8b38b09ad64bf692ef7e0bee30c45e57f29d74104c914411579ea 2 22 1317 6 0
218 193.5 15 15.499441862106323 178 14 0x2e5ae08af41a3ae8f06d4797fe2287a5b54f8a6a8bf63294d4979373c3d31be0 0x3a93cfb9afb8793cee59a9f4b788fec80823a243e83ce14ee35da8d3147eae4e 1 23 1443 8 0
218 202.135 15 24.13433289527893 178 14 0xeae7e62ae7ea8efba41ecbbc187bc48e4dffcbefc716f4c02c111d37b535c92e 0x3a93cfb9afb8793cee59a9f4b788fec80823a243e83ce14ee35da8d3147eae4e 2 24 1027 4 0
218 218.019 16 25.01898503303528 193 15 0xfbc57dad7990f2f8ac8446f71c15871f72cb69bc5ac6d3c17e7e5e528c6765c8 0xeae7e62ae7ea8efba41ecbbc187bc48e4dffcbefc716f4c02c111d37b535c92e 1 25 2105 12 0
218 233.345 17 39.344590187072754 194 15 0xe879d2e97d71d32803f4f4d6545e0e94dcefdda5ff7b9b9e5cbf639350a88e9d 0xeae7e62ae7ea8efba41ecbbc187bc48e4dffcbefc716f4c02c111d37b535c92e 1 25 2250 13 0
218 248.74 18 54.740020990371704 194 15 0x57f3456f72809a264ab2b7b3000684cd9a7300a2c449fb1fc8e4a010cafe7958 0xeae7e62ae7ea8efba41ecbbc187bc48e4dffcbefc716f4c02c111d37b535c92e 1 25 2250 13 0
218 257.44 19 48.439311027526855 209 16 0xd4b44f32ecc1ddd02fd743025562276c442a349ef78c14cde68cbc7cfae603d9 0xe879d2e97d71d32803f4f4d6545e0e94dcefdda5ff7b9b9e5cbf639350a88e9d 1 26 1068 4 0
218 263.394 19 54.39399981498718 209 16 0xee68577e3d78493594baad7cd157595752e2ce186a212d501c612aea445fc597 0xe879d2e97d71d32803f4f4d6545e0e94dcefdda5ff7b9b9e5cbf639350a88e9d 2 27 1213 5 0
218 269.418 20 45.418007135391235 224 17 0x21b68999976fce978267086300a5d97b4f12e31aa127e048d4e32b9c7d1f0388 0xee68577e3d78493594baad7cd157595752e2ce186a212d501c612aea445fc597 1 28 1131 5 0
218 273.446 20 49.445552110672 224 17 0xb99e7d861f2e565be3e97d28b08707754f2dc71369c8ceabb9d00d012c9477e4 0xee68577e3d78493594baad7cd157595752e2ce186a212d501c612aea445fc597 1 28 1027 4 0
218 274.91 20 35.90950608253479 239 18 0x3c4e034d820355a104c854fcfd4b42de05963e80fe90bc9635201bdd5babebb6 0xb99e7d861f2e565be3e97d28b08707754f2dc71369c8ceabb9d00d012c9477e4 2 30 1503 7 0
218 276.324 20 22.324233055114746 254 19 0x1c54f4082a99fb201efbf5364d181df891e26c2c4959ddac7a025c47490069e6 0x3c4e034d820355a104c854fcfd4b42de05963e80fe90bc9635201bdd5babebb6 1 31 901 2 0
218 278.239 20 9.238549947738647 269 20 0x9b2c23b26aed0dbc2a7f37faf8abd6f15459e29ea54b51da1270137ee73620ea 0x1c54f4082a99fb201efbf5364d181df891e26c2c4959ddac7a025c47490069e6 2 33 923 3 0
218 286.3 21 2.2998809814453125 284 21 0xa82650cb491aeff2f12d67c6c66df85d0248108e83858ed80aac552352ea54a5 0x9b2c23b26aed0dbc2a7f37faf8abd6f15459e29ea54b51da1270137ee73620ea 2 35 1774 10 0
218 303.278 22 4.2774131298065186 299 22 0x49040bfdc0ded1367abab15a950a0ef6ada986f6b49c87cc9f7ac34af9b21031 0xa82650cb491aeff2f12d67c6c66df85d0248108e83858ed80aac552352ea54a5 2 37 1711 9 0
218 317.218 23 3.2179059982299805 314 23 0x5b2aa120d7e5e3ed50ef8a0beaee1011dfe5d978e78c793c068d0cd4887a534c 0x49040bfdc0ded1367abab15a950a0ef6ada986f6b49c87cc9f7ac34af9b21031 1 38 1547 9 0
218 319.074 23 5.073657035827637 314 23 0x2c8b1bc876e96e479bf0cdaa8378d2fb7d74634d737dc9167e802a39397077a2 0x49040bfdc0ded1367abab15a950a0ef6ada986f6b49c87cc9f7ac34af9b21031 1 38 1547 9 0
