ID TIME BLK TELAPSED TIMESTAMP BLOCK HASH PHASH DIFF TDIFF SIZE TXS UNC
210 16.435 3 1.4343018531799316 15 3 0x7c25f7eed6114ee2d03ae5b61239802ca52342258386b0e489e5da9347a0492c 0x4992635920bf2a73913f256953d03e470459a36aab623e79c230d0b609f38edb 1 6 1245 6 0
210 24.386 3 9.385480880737305 15 3 0x81b4d13ceffad4b27ab2f148abec15c98593a6f57f2ed83031b1c22fd7b346f2 0x4992635920bf2a73913f256953d03e470459a36aab623e79c230d0b609f38edb 2 7 1245 6 0
210 31.239 4 1.2389750480651855 30 4 0xa90d1fb65b41c616bb11ed20c08efb8a6af38dd860a445723e69fa4f98ba843e 0x81b4d13ceffad4b27ab2f148abec15c98593a6f57f2ed83031b1c22fd7b346f2 2 9 1131 5 0
210 63.918 6 18.917678117752075 45 5 0x3a8211ff02d2024fe35dd0ae2fff5d38c4048d314829bf9486c3c16d4b967262 0xa90d1fb65b41c616bb11ed20c08efb8a6af38dd860a445723e69fa4f98ba843e 1 10 713 1 0
210 66.381 6 6.379945993423462 60 6 0x9441c4c3cadfc818e1771a3e1000320672885522498ce633c7b83e276f3f2370 0x3a8211ff02d2024fe35dd0ae2fff5d38c4048d314829bf9486c3c16d4b967262 1 11 755 1 0
210 77.387 7 2.3869991302490234 75 7 0x9494bd516d9a298cb5f8c7684a4ce6e9915e0404b6a6f6b1e08e1420bf7591e4 0x9441c4c3cadfc818e1771a3e1000320672885522498ce633c7b83e276f3f2370 1 12 1462 7 0
210 104.189 8 29.188989877700806 75 7 0xf25339dc19c49556f27a67fc55a55c5a8193fd9b85da1795f7f444c1ff249029 0x9441c4c3cadfc818e1771a3e1000320672885522498ce633c7b83e276f3f2370 2 13 1254 5 0
210 106.238 8 3.2372829914093018 103 8 0xcaceddd688b2003b539c8ae61ebc569630b89d6f331ad3c9507dfcc946ad38e4 0xf25339dc19c49556f27a67fc55a55c5a8193fd9b85da1795f7f444c1ff249029 1 14 1131 5 0
210 120.477 9 2.476248025894165 118 9 0x54091846ef34a4135813bf9a09d8da0613f36607deca581b6dfd2843c80e8067 0xcaceddd688b2003b539c8ae61ebc569630b89d6f331ad3c9507dfcc946ad38e4 1 15 606 0 0
210 135.464 10 2.4641048908233643 133 10 0x7fab4b95cb88fa0fba7eae684ed62919714d97ad36b302ee5199018e29b63933 0x54091846ef34a4135813bf9a09d8da0613f36607deca581b6dfd2843c80e8067 1 16 606 0 0
210 149.472 11 1.4713170528411865 148 11 0x333c35f71a7978c976df58393c3de004c04633644d381687ad9684b902896f4b 0x7fab4b95cb88fa0fba7eae684ed62919714d97ad36b302ee5199018e29b63933 1 17 1027 4 0
210 174.664 12 5.663746118545532 169 12 0x2102985797a7d1f3fed9de2393ffebd4aadeb49fc7437ef1749c823180361bf2 0x51874953143f41c88d66df2eb8e2baa0dccaed482a8a1b92b59282b6b02ff820 1 18 923 3 0
210 186.273 13 2.2732269763946533 184 13 0xf28df9d96a055aad435145aeba9c4474ff5dabef5b49804bc2ede11c95613fd0 0x2102985797a7d1f3fed9de2393ffebd4aadeb49fc7437ef1749c823180361bf2 1 19 921 3 0
210 189.342 13 5.34192681312561 184 13 0x48935b4799a8fc410f36b5649b55d540a66efc533011999b4e14c73909ee90c7 0x2102985797a7d1f3fed9de2393ffebd4aadeb49fc7437ef1749c823180361bf2 1 19 921 3 0
210 224.399 14 25.399221897125244 199 14 0x97d0a5968636fbaa45041236c0eeaaf1e7cb708ccdf845be6e5137b8c1667e2f 0x48935b4799a8fc410f36b5649b55d540a66efc533011999b4e14c73909ee90c7 1 20 1046 3 0
210 227.493 15 4.492469072341919 223 15 0xc443f4ea2479e3445c808c90474303566e43aae73c94c6a22431603ca5036f62 0x97d0a5968636fbaa45041236c0eeaaf1e7cb708ccdf845be6e5137b8c1667e2f 1 21 1171 5 0
210 230.616 15 6.615603923797607 224 15 0xc0cc2c6b74d9091763da98b9889a570aeaac6710433c5a0a92291a8849870cc6 0x97d0a5968636fbaa45041236c0eeaaf1e7cb708ccdf845be6e5137b8c1667e2f 1 21 606 0 0
210 240.718 16 1.717806100845337 239 16 0xf960bda62ffde330d65c299bc3b8765d09236b9a423e4ff791b1aaaa552cf959 0xc0cc2c6b74d9091763da98b9889a570aeaac6710433c5a0a92291a8849870cc6 1 22 2022 12 0
210 256.003 17 2.0032057762145996 254 17 0x0e2d01b81eda957a0bb333df48ad723a77095d914828c27d84bf55c14e630b29 0xf960bda62ffde330d65c299bc3b8765d09236b9a423e4ff791b1aaaa552cf959 1 23 1172 5 0
210 304.315 19 35.31498193740845 269 18 0x77a015dba87145ba7c903f113b475c0df281a2f6ec9c1d52d6c64e4779a0e06a 0x0e2d01b81eda957a0bb333df48ad723a77095d914828c27d84bf55c14e630b29 1 24 1027 4 0
210 305.717 19 2.7170228958129883 303 19 0xdd5282ec2529be323ff80794f307621a2ad924ab2104bdfebda9045dea83f119 0x77a015dba87145ba7c903f113b475c0df281a2f6ec9c1d52d6c64e4779a0e06a 2 26 606 0 0
210 319.86 20 1.8596649169921875 318 20 0x692c394394ffe98e9448fde21742f9e72cb7cc050095cba844b7ada5b33c83bf 0xdd5282ec2529be323ff80794f307621a2ad924ab2104bdfebda9045dea83f119 1 27 1878 11 0
210 334.723 21 1.722533941268921 333 21 0x1e3236213d799c347071d19389078ad9b5f0fd5527612500e3ea71a15801a682 0x692c394394ffe98e9448fde21742f9e72cb7cc050095cba844b7ada5b33c83bf 1 28 1109 4 0
210 348.444 22 0.443774938583374 348 22 0x8bf7591e3ce54540c2a7dc331ebd38a78be336ca8c48b1308b80a2e6093caac1 0x1e3236213d799c347071d19389078ad9b5f0fd5527612500e3ea71a15801a682 1 29 923 3 0
210 363.685 23 0.6852149963378906 363 23 0x83dc02058b0ba2d0fb96a5b7db8030e78a2bdc1217935459ef81aecad164f6c7 0x8bf7591e3ce54540c2a7dc331ebd38a78be336ca8c48b1308b80a2e6093caac1 2 31 713 1 0
210 404.125 25 26.124997854232788 378 24 0x5e2888d4025240a721d96d23bbbfca3aed766f96c268a2c2e2659289325b0a2c 0x83dc02058b0ba2d0fb96a5b7db8030e78a2bdc1217935459ef81aecad164f6c7 1 32 901 2 0
210 406.85 25 3.849931001663208 403 25 0x37d40248774204ca1be72275fedd4c7f4745269e86bf98048d26fb9bae500d62 0x5e2888d4025240a721d96d23bbbfca3aed766f96c268a2c2e2659289325b0a2c 1 33 606 0 0
210 412.343 26 19.342342853546143 393 25 0xb7e35a9b0656ab6706d99e90e9763bdb9ac4da04c433bcdd08aee06f51f7ced5 0x5e2888d4025240a721d96d23bbbfca3aed766f96c268a2c2e2659289325b0a2c 2 34 1276 6 0
210 416.749 26 8.748859882354736 408 26 0x85ddb66cb3c8674178835fe87aa06448b37932ab0ab9597d47db338f0d4821fc 0xb7e35a9b0656ab6706d99e90e9763bdb9ac4da04c433bcdd08aee06f51f7ced5 1 35 713 1 0
210 423.5 27 0.49925804138183594 423 27 0xaa2abe516403373624d7b8b849d8afae420259fee004caa8de76a5869fcc8859 0x85ddb66cb3c8674178835fe87aa06448b37932ab0ab9597d47db338f0d4821fc 2 37 1068 4 0
210 454.338 28 1.3373970985412598 453 28 0xc366b5660d1315bba5af2ad70367889c2e8f9dbbc604791d35f9730b348e5edf 0xaa2abe516403373624d7b8b849d8afae420259fee004caa8de76a5869fcc8859 1 38 755 1 0
210 468.982 29 0.9809360504150391 468 29 0x308d23769411facd833398fcb81d747350abf261208efd145720b7c8c5564a0f 0xc366b5660d1315bba5af2ad70367889c2e8f9dbbc604791d35f9730b348e5edf 2 40 901 2 0
210 494.824 31 25.823168992996216 469 30 0x407a82270ba065679d4a2699b8466713ed78a292580703e70ea582241d189836 0x5d45f842fce2b5bc836ae61990e1ce2200400b577a5042e76c023b80a51215ea 2 42 1046 3 0
210 496.583 31 12.582755088806152 484 31 0x2d338d5fa74cf2d78c0331464ef586409f13f3e1fc583b4e9d26e068e4748e7b 0x407a82270ba065679d4a2699b8466713ed78a292580703e70ea582241d189836 1 43 1317 6 0
210 500.722 32 1.7222390174865723 499 32 0x8bf2a8fdf15aaa4f6db3e61e5d131de2253209544fb0d21f58a63f0107e2358c 0x2d338d5fa74cf2d78c0331464ef586409f13f3e1fc583b4e9d26e068e4748e7b 1 44 713 1 0
210 506.513 32 7.512624979019165 499 32 0xc2927a70ee8d4ba7c5c0d6dc004471bc48fa54fff3b2db71781acb9faf7f1972 0x2d338d5fa74cf2d78c0331464ef586409f13f3e1fc583b4e9d26e068e4748e7b 2 45 713 1 0
210 515.89 33 1.8897888660430908 514 33 0xee9487b98bf8a6b3a56a6feed59bdb005a1679f5e81c98f81a3b8f38facec731 0xc2927a70ee8d4ba7c5c0d6dc004471bc48fa54fff3b2db71781acb9faf7f1972 1 46 1317 6 0
